18.296 45.323 69.904
19.006 56.482 67.101
20.741 66.633 64.707
22.406 75.789 61.260
24.722 85.339 54.468
29.442 92.247 43.640
35.251 95.714 31.056
43.279 98.436 19.382
55.721 100.293 14.004
68.974 98.235 17.695
78.839 95.619 28.093
86.843 92.185 39.621
93.492 85.315 49.681
97.168 75.709 56.026
99.589 66.503 59.367
101.744 56.364 61.598
103.136 45.149 64.194
25.218 28.674 35.046
29.727 23.816 28.626
35.512 21.991 23.650
41.080 22.108 20.269
46.207 23.428 18.358
67.992 23.342 17.006
73.426 21.941 18.259
79.489 21.719 20.893
86.047 23.489 25.018
91.360 28.479 30.693
56.802 34.946 14.436
56.197 41.113 8.304
55.627 46.958 2.005
55.382 52.544 -0.008
49.001 59.393 12.107
51.819 59.584 9.334
55.753 60.146 7.727
59.917 59.559 8.754
63.172 59.336 11.122
32.600 36.680 29.218
35.963 33.793 24.535
41.226 33.827 24.053
46.111 36.475 24.830
41.547 37.595 23.739
36.201 37.954 25.393
68.563 36.499 23.531
73.377 33.754 22.166
78.763 33.771 21.849
82.872 36.674 25.888
78.544 37.829 22.633
72.952 37.576 21.776
41.005 73.891 16.966
45.913 69.601 10.566
52.133 66.719 6.886
55.541 67.262 6.140
59.004 66.735 6.367
65.667 69.597 9.143
70.943 73.982 14.871
64.988 75.910 9.214
60.130 77.354 6.700
55.244 77.605 6.399
50.527 77.314 7.293
46.301 75.860 10.467
42.461 73.536 16.471
51.208 71.067 9.194
55.504 70.796 7.825
59.993 71.121 8.543
69.923 73.672 14.643
59.630 72.802 8.078
55.310 72.940 7.821
51.165 72.759 8.773
