17.939 46.419 70.538
18.897 57.716 67.627
20.931 67.977 65.137
22.823 77.162 61.577
25.313 86.689 54.631
30.062 93.566 43.560
35.771 96.963 30.657
43.703 99.532 18.643
56.217 101.131 13.044
69.598 98.775 16.623
79.601 95.920 27.134
87.712 92.254 38.824
94.386 85.155 49.001
98.012 75.437 55.433
100.374 66.111 58.812
102.476 55.773 61.072
103.746 44.370 63.734
24.002 29.507 35.004
28.359 24.491 28.344
34.129 22.529 23.157
39.752 22.531 19.626
44.968 23.752 17.606
67.157 23.151 15.957
72.682 21.596 17.190
78.881 21.228 19.823
85.643 22.863 23.996
91.194 27.823 29.791
55.964 35.247 13.452
55.424 41.590 7.241
54.897 47.637 0.864
54.738 53.348 -1.153
48.591 60.333 11.191
51.403 60.499 8.347
55.367 61.006 6.684
59.556 60.302 7.665
62.846 59.969 10.028
31.567 37.489 28.989
34.866 34.485 24.143
40.229 34.393 23.566
45.280 36.989 24.257
40.637 38.233 23.223
35.213 38.717 25.007
68.085 36.500 22.642
72.935 33.603 21.237
78.434 33.501 20.877
82.730 36.360 24.990
78.305 37.636 21.679
72.573 37.495 20.831
40.949 74.988 16.015
45.734 70.780 9.514
51.864 67.838 5.798
55.259 68.322 5.022
58.703 67.708 5.204
65.436 70.355 7.853
70.910 74.385 13.518
64.904 76.267 7.860
60.033 77.782 5.440
55.168 78.126 5.206
50.471 77.957 6.155
46.233 76.647 9.350
42.419 74.578 15.450
51.065 72.240 8.144
55.324 71.904 6.745
59.790 72.111 7.400
69.861 74.077 13.269
59.461 73.118 6.827
55.164 73.347 6.636
51.039 73.281 7.603
