18.330 45.315 68.708
19.169 56.655 65.947
21.050 66.962 63.612
22.869 76.223 60.195
25.388 85.874 53.406
30.340 92.920 42.543
36.411 96.505 29.876
44.723 99.277 18.145
57.387 101.109 12.926
70.709 98.886 16.934
80.509 96.083 27.722
88.370 92.426 39.586
94.873 85.325 49.880
98.478 75.580 56.322
100.886 66.243 59.697
103.057 55.915 61.931
104.429 44.498 64.504
25.778 28.870 33.247
30.430 24.010 26.714
36.382 22.179 21.733
42.097 22.317 18.402
47.342 23.664 16.578
69.510 23.412 15.615
75.006 21.898 16.973
81.122 21.561 19.765
87.728 23.240 24.111
93.042 28.168 30.069
58.233 35.316 12.839
57.759 41.678 6.685
57.314 47.720 0.338
57.122 53.427 -1.637
50.499 60.219 10.536
53.394 60.450 7.787
57.394 61.022 6.256
61.572 60.361 7.373
64.808 60.050 9.834
33.370 37.017 27.526
36.861 34.119 22.788
42.233 34.113 22.387
47.210 36.767 23.271
42.584 37.957 22.094
37.106 38.340 23.693
70.019 36.621 22.368
74.945 33.797 21.070
80.440 33.774 20.867
84.573 36.635 25.090
80.224 37.894 21.686
74.530 37.698 20.689
42.414 74.749 15.321
47.481 70.641 8.932
53.804 67.807 5.361
57.231 68.339 4.698
60.693 67.772 4.988
67.356 70.485 7.921
72.616 74.568 13.824
66.713 76.478 7.968
61.868 77.959 5.368
56.975 78.246 4.973
52.226 78.002 5.774
47.893 76.592 8.844
43.906 74.371 14.815
52.852 72.158 7.723
57.184 71.883 6.453
61.666 72.151 7.260
71.582 74.257 13.551
61.336 73.311 6.720
57.011 73.483 6.380
52.829 73.347 7.227
