18.566 46.570 70.136
19.482 57.717 67.365
21.398 67.825 64.985
23.216 76.931 61.545
25.665 86.407 54.733
30.429 93.226 43.851
36.197 96.590 31.180
44.187 99.119 19.415
56.606 100.699 13.944
69.844 98.338 17.548
79.763 95.504 27.912
87.817 91.865 39.439
94.429 84.823 49.491
97.980 75.151 55.824
100.257 65.905 59.134
102.233 55.722 61.321
103.432 44.472 63.869
24.870 30.036 35.087
29.240 25.125 28.614
34.959 23.199 23.593
40.506 23.214 20.172
45.647 24.433 18.228
67.419 23.851 16.739
72.842 22.310 17.955
78.929 21.924 20.554
85.566 23.515 24.647
91.034 28.340 30.307
56.433 35.700 14.291
55.899 41.899 8.187
55.388 47.780 1.902
55.232 53.368 -0.094
49.100 60.241 12.048
51.893 60.389 9.258
55.812 60.875 7.623
59.958 60.187 8.619
63.222 59.871 10.958
32.385 37.891 29.229
35.651 34.976 24.504
40.909 34.890 23.992
45.852 37.399 24.749
41.304 38.631 23.690
35.983 39.101 25.379
68.315 36.913 23.301
73.065 34.088 21.893
78.447 33.983 21.542
82.647 36.746 25.572
78.308 38.016 22.346
72.709 37.901 21.522
41.518 74.823 16.764
46.257 70.486 10.410
52.326 67.493 6.739
55.711 67.965 5.970
59.138 67.359 6.174
65.806 70.046 8.847
71.156 74.244 14.454
65.245 76.214 8.885
60.439 77.751 6.456
55.608 78.104 6.203
50.941 77.925 7.113
46.750 76.584 10.264
42.968 74.422 16.240
51.526 71.860 9.039
55.755 71.505 7.657
60.200 71.722 8.333
70.122 73.947 14.222
59.857 73.188 7.824
55.595 73.417 7.614
51.507 73.341 8.565
