-7.002153898078235272e+01 7.036360474747674232e+00 3.350382642510198394e+01
-6.949154457527093598e+01 2.672913484736054102e+01 3.337971600966235997e+01
-6.734023418590670929e+01 4.645922394737558392e+01 3.381089044598088833e+01
-6.379693694116517833e+01 6.543682002066621806e+01 3.373473186210774344e+01
-5.704683583305194361e+01 8.273030436540933863e+01 3.146987154452897073e+01
-4.614454479544617982e+01 9.739133877894690272e+01 2.653558626438470469e+01
-3.263787253971663915e+01 1.088118297615032191e+02 1.808418884601706722e+01
-1.726798296704849989e+01 1.171775089822743610e+02 7.529750008796268546e+00
2.100134329068485128e-01 1.194338120143556807e+02 4.527632662964702348e+00
1.752004880780710394e+01 1.171257374046684845e+02 9.285924260046160228e+00
3.297754546081610272e+01 1.089841429412078924e+02 1.970205486053711041e+01
4.691886561902613551e+01 9.793572118400672366e+01 2.808545872665987631e+01
5.797170455587244930e+01 8.347695950868586579e+01 3.260393564808239830e+01
6.502762022859165825e+01 6.580460915448522030e+01 3.411708839786998482e+01
6.884651611852626729e+01 4.655139317881894812e+01 3.406166517921111847e+01
7.116210484038674622e+01 2.708322353323298515e+01 3.432393734573862787e+01
7.216205271506657937e+01 7.553779366065505485e+00 3.542754035654076006e+01
-5.927158608585875044e+01 -1.308467775449339854e+01 6.979642382936111389e+00
-4.988483586330146125e+01 -2.278775862536695485e+01 1.212007595786741776e+00
-3.690824310878033998e+01 -2.601139132303638490e+01 -3.978438934210421163e+00
-2.364830882462328532e+01 -2.485878647080686932e+01 -9.065575479452341767e+00
-1.169371910375498480e+01 -2.019492882828502189e+01 -1.267235976654596286e+01
1.157582287842147117e+01 -2.074908339131596335e+01 -1.239481535495105291e+01
2.458264568438455555e+01 -2.538713273083934752e+01 -8.859924914631495341e+00
3.782858789329456073e+01 -2.623834056078157317e+01 -3.903177828259487558e+00
5.070258000418867539e+01 -2.255145403941105542e+01 1.386917385556917237e+00
5.965102461362321407e+01 -1.301068852789614994e+01 6.891699892740138722e+00
3.161105551742139363e-01 -4.964962946904819319e+00 -1.262216758774346204e+01
1.534776011198681900e-01 6.773917201925264919e+00 -1.782670390878791622e+01
1.249401916510356481e-02 1.835772026805230084e+01 -2.331716703749230035e+01
-6.388564895712720015e-02 3.044103463475727978e+01 -2.841841840503613881e+01
-1.512254005416300018e+01 4.171247823278500277e+01 -1.515486145043437638e+01
-7.799818666127736222e+00 4.403858797314935458e+01 -1.748884322058228236e+01
-2.963259772030597539e-01 4.600275037898812514e+01 -1.908234723400927635e+01
7.372881847129994171e+00 4.406270032831299943e+01 -1.736381714472305049e+01
1.430432301874970413e+01 4.199203382790505401e+01 -1.521641126054359106e+01
-4.475588303068610685e+01 -5.151496880792052480e-01 2.484704197184680829e+00
-3.668743308879690801e+01 -5.916501497514310870e+00 -7.774330782368457093e-01
-2.713574621115122554e+01 -5.811998788855760267e+00 -1.887808364853598153e+00
-1.910638539394296131e+01 4.772998431486641380e-01 -2.488992126528307480e+00
-2.758039742140178063e+01 2.103043978577105122e+00 -2.553609678231510305e+00
-3.715219994116274904e+01 2.243377038822238490e+00 -1.461856097385484166e+00
1.909649476736504425e+01 4.873380583059301330e-01 -2.294793420225201608e+00
2.761067830617070129e+01 -6.039012808382693720e+00 -1.861415503362832347e+00
3.704184228481160090e+01 -5.733329874952360683e+00 -5.864214063610099226e-01
4.476174493127250287e+01 -4.494161113495422910e-01 2.299020640531300952e+00
3.772832052048537577e+01 2.191779083340087197e+00 -1.166729357358551100e+00
2.840665595535099897e+01 2.178588265096472298e+00 -2.427255407988880620e+00
-2.832290837393451000e+01 6.865031136977198400e+01 -8.119831408688760188e-02
-1.767776157202321841e+01 6.209733649201075423e+01 -1.074740143268339310e+01
-7.282844830577268169e+00 5.893960533583985750e+01 -1.586184482265666595e+01
-3.879643367856495662e-01 6.076649580787774596e+01 -1.650519552228120546e+01
7.505972376390610101e+00 5.906167419921948181e+01 -1.570010719701973301e+01
1.809952458703212841e+01 6.260434436639580724e+01 -9.892503744287088452e+00
2.832693334743716562e+01 6.853967052768032886e+01 8.125844143578145329e-02
1.829563253048581117e+01 7.711512240952760067e+01 -8.525251858527441939e+00
8.074096911556386758e+00 8.056648718146379906e+01 -1.424480819204775628e+01
-3.899606138471990446e-01 8.130186607743917193e+01 -1.512685755028267742e+01
-8.015090429294367880e+00 8.065145901394581074e+01 -1.438625372659206647e+01
-1.826852134409684325e+01 7.722872991670632814e+01 -9.210192815104232267e+00
-2.396478448024853947e+01 6.876820622837854557e+01 -1.943496009309031880e+00
-7.427351377068601046e+00 6.565689336809415977e+01 -1.414339817745716488e+01
-3.697811321159075737e-01 6.628193402272529511e+01 -1.500233528424394258e+01
7.638022095965284919e+00 6.561821227244035981e+01 -1.400316362130592651e+01
2.398520239531402964e+01 6.877561564644675229e+01 -1.876050372160417368e+00
7.653991689483349070e+00 7.111695794419097183e+01 -1.339601404612629310e+01
-4.926400556742067671e-01 7.190974239118465050e+01 -1.441788028551020240e+01
-7.702763506344255440e+00 7.125524484451317164e+01 -1.337351489255740944e+01
