-7.339352416992187500e+01 -2.980143165588378906e+01 4.766753387451171875e+01
-7.277501678466796875e+01 -1.094976615905761719e+01 4.590940475463867188e+01
-7.053363800048828125e+01 7.929818153381347656e+00 4.484257888793945312e+01
-6.685005950927734375e+01 2.607427978515625000e+01 4.314111328125000000e+01
-5.979018783569335938e+01 4.256438827514648438e+01 3.863529968261718750e+01
-4.836897277832031250e+01 5.648107910156250000e+01 3.075062179565429688e+01
-3.412110137939453125e+01 6.724699401855468750e+01 1.845645332336425781e+01
-1.787541007995605469e+01 7.505689239501953125e+01 3.609035015106201172e+00
9.874899685382843018e-02 7.706128692626953125e+01 -8.816980123519897461e-01
1.747703170776367188e+01 7.475844573974609375e+01 5.181200981140136719e+00
3.264896774291992188e+01 6.692902374267578125e+01 1.917656326293945312e+01
4.637235641479492188e+01 5.631138992309570312e+01 3.077057075500488281e+01
5.734347915649414062e+01 4.241912460327148438e+01 3.762862777709960938e+01
6.438848114013671875e+01 2.545587921142578125e+01 4.088631057739257812e+01
6.821203613281250000e+01 6.990805149078369141e+00 4.228144836425781250e+01
7.048640441894531250e+01 -1.166619300842285156e+01 4.414256668090820312e+01
7.137582397460937500e+01 -3.036519050598144531e+01 4.714042663574218750e+01
-6.111940765380859375e+01 -4.936160278320312500e+01 1.425442218780517578e+01
-5.128758621215820312e+01 -5.876979446411132812e+01 7.268146991729736328e+00
-3.780479812622070312e+01 -6.199615478515625000e+01 4.420509934425354004e-01
-2.402275466918945312e+01 -6.103339767456054688e+01 -6.606501102447509766e+00
-1.163571262359619141e+01 -5.668675994873046875e+01 -1.196739768981933594e+01
1.205663585662841797e+01 -5.739103317260742188e+01 -1.205120372772216797e+01
2.510625648498535156e+01 -6.190218734741210938e+01 -7.315097808837890625e+00
3.833858871459960938e+01 -6.277771377563476562e+01 -1.022953033447265625e+00
5.119100570678710938e+01 -5.930234527587890625e+01 5.349434852600097656e+00
6.005385208129882812e+01 -5.019025421142578125e+01 1.161574554443359375e+01
6.539400219917297363e-01 -4.219379043579101562e+01 -1.338083457946777344e+01
8.048089742660522461e-01 -3.099372100830078125e+01 -2.115085220336914062e+01
9.922040104866027832e-01 -1.994459533691406250e+01 -2.928403663635253906e+01
1.226783037185668945e+00 -8.414541244506835938e+00 -3.694805908203125000e+01
-1.477247238159179688e+01 2.598254919052124023e+00 -2.013200378417968750e+01
-7.180239200592041016e+00 4.751588821411132812e+00 -2.353668403625488281e+01
5.559200048446655273e-01 6.562900066375732422e+00 -2.594444847106933594e+01
8.272499084472656250e+00 4.661005020141601562e+00 -2.369574165344238281e+01
1.521435070037841797e+01 2.643045902252197266e+00 -2.085815620422363281e+01
-4.604729080200195312e+01 -3.747141265869140625e+01 7.037989139556884766e+00
-3.767468643188476562e+01 -4.273051071166992188e+01 3.021217107772827148e+00
-2.788385581970214844e+01 -4.271151733398437500e+01 1.353628993034362793e+00
-1.964826774597167969e+01 -3.675474166870117188e+01 -1.110880002379417419e-01
-2.827296447753906250e+01 -3.513449478149414062e+01 -1.472730040550231934e-01
-3.808241653442382812e+01 -3.491904449462890625e+01 1.476611971855163574e+00
1.926586723327636719e+01 -3.703230667114257812e+01 -6.657459735870361328e-01
2.789419174194335938e+01 -4.334244537353515625e+01 2.476599961519241333e-01
3.743753051757812500e+01 -4.311082077026367188e+01 1.696434974670410156e+00
4.517080688476562500e+01 -3.808651351928710938e+01 4.894163131713867188e+00
3.819645309448242188e+01 -3.553202438354492188e+01 2.829610109329223633e-01
2.876498985290527344e+01 -3.548428726196289062e+01 -1.172675013542175293e+00
-2.891626739501953125e+01 2.861271667480468750e+01 -2.240309953689575195e+00
-1.753319358825683594e+01 2.217218780517578125e+01 -1.593433475494384766e+01
-6.684589862823486328e+00 1.902905082702636719e+01 -2.261135482788085938e+01
3.810009956359863281e-01 2.072111892700195312e+01 -2.374843788146972656e+01
8.375443458557128906e+00 1.903545951843261719e+01 -2.272199440002441406e+01
1.887661743164062500e+01 2.239410972595214844e+01 -1.561067867279052734e+01
2.879441261291503906e+01 2.807992362976074219e+01 -3.217392921447753906e+00
1.905757331848144531e+01 3.629824829101562500e+01 -1.498799705505371094e+01
8.956375122070312500e+00 3.963457489013671875e+01 -2.255424499511718750e+01
3.815490007400512695e-01 4.039564514160156250e+01 -2.359162521362304688e+01
-7.428894996643066406e+00 3.983640670776367188e+01 -2.240610694885253906e+01
-1.816063308715820312e+01 3.667789840698242188e+01 -1.512190723419189453e+01
-2.437748908996582031e+01 2.867777061462402344e+01 -4.785684108734130859e+00
-6.897633075714111328e+00 2.547597694396972656e+01 -2.089374160766601562e+01
3.406629860401153564e-01 2.601426887512207031e+01 -2.222047805786132812e+01
8.444722175598144531e+00 2.532619857788085938e+01 -2.102552032470703125e+01
2.447447395324707031e+01 2.832300758361816406e+01 -5.712776184082031250e+00
8.449166297912597656e+00 3.059621620178222656e+01 -2.067148971557617188e+01
2.053219974040985107e-01 3.140873718261718750e+01 -2.190366935729980469e+01
-7.198266029357910156e+00 3.084487533569335938e+01 -2.032802200317382812e+01
